4.782519999999999709e+04
4.782519999999999709e+04
1.239395999999999913e+04
2.669349062499999945e+03
1.790968281250000018e+03
1.393408750000000055e+03
1.105107968750000055e+03
9.767248437499999909e+02
9.784332812500000500e+02
9.784332812500000500e+02
9.784332812500000500e+02
8.469884375000000318e+02
7.628085937500000000e+02
6.670123437500000136e+02
6.247420312499999682e+02
5.908609374999999773e+02
5.428133203124999682e+02
5.376883593750000045e+02
5.376883593750000045e+02
5.376883593750000045e+02
5.376883593750000045e+02
5.435571875000000546e+02
5.097189062499999750e+02
4.938083593750000091e+02
4.704083593749999750e+02
4.708523437499999886e+02
4.565730468749999886e+02
4.525233593749999841e+02
4.525233593749999841e+02
4.525233593749999841e+02
4.525233593749999841e+02
4.342478515624999886e+02
4.224574999999999818e+02
4.207450781250000205e+02
4.076574609374999909e+02
3.815921875000000227e+02
3.385640624999999773e+02
3.261696289062500114e+02
3.261696289062500114e+02
3.261696289062500114e+02
3.261696289062500114e+02
3.207587890625000000e+02
3.166089843749999773e+02
3.042562500000000227e+02
2.779692382812500000e+02
2.647139648437499773e+02
2.593803710937500000e+02
1.968754882812500000e+02
1.968754882812500000e+02
1.968754882812500000e+02
1.968754882812500000e+02
1.810318359375000057e+02
1.147120117187500057e+02
8.618750000000000000e+01
7.497753906250000000e+01
1.064174804687500000e+02
6.991035156249999716e+01
5.978544921875000284e+01
5.978544921875000284e+01
5.978544921875000284e+01
5.978544921875000284e+01
7.257226562500000000e+01
6.328037109374999858e+01
7.254726562499999432e+01
6.055185546874999858e+01
5.921640624999999858e+01
5.661396484374999716e+01
5.915664062500000142e+01
5.915664062500000142e+01
5.915664062500000142e+01
5.915664062500000142e+01
5.562041015625000284e+01
5.942167968750000284e+01
5.665820312500000000e+01
5.939853515624999858e+01
5.562158203125000000e+01
5.942167968750000284e+01
5.702578125000000142e+01
5.702578125000000142e+01
5.702578125000000142e+01
5.702578125000000142e+01
5.819726562500000000e+01
5.562158203125000000e+01
5.942167968750000284e+01
5.515019531250000284e+01
5.942167968750000284e+01
5.703779296874999716e+01
5.808339843750000142e+01
5.512187500000000284e+01
5.921806640625000284e+01
5.921806640625000284e+01
5.921806640625000284e+01
5.921806640625000284e+01
5.512802734374999858e+01
5.805166015625000142e+01
5.664677734375000284e+01
5.389462890624999858e+01
5.813095703124999858e+01
5.625429687500000142e+01
5.389462890624999858e+01
5.389462890624999858e+01
5.389462890624999858e+01
5.389462890624999858e+01
5.805029296875000000e+01
5.389462890624999858e+01
5.805029296875000000e+01
5.396416015625000284e+01
5.803583984374999716e+01
5.396416015625000284e+01
5.803583984374999716e+01
5.803583984374999716e+01
5.803583984374999716e+01
5.803583984374999716e+01
5.625537109375000000e+01
5.327861328125000284e+01
5.724306640625000142e+01
5.329208984374999858e+01
5.724335937499999716e+01
5.366572265624999716e+01
5.554443359375000000e+01
5.554443359375000000e+01
5.554443359375000000e+01
5.554443359375000000e+01
5.377011718749999858e+01
5.762890625000000000e+01
5.366572265624999716e+01
5.762890625000000000e+01
5.368505859375000000e+01
5.765986328124999716e+01
5.366699218750000000e+01
5.366699218750000000e+01
5.366699218750000000e+01
5.366699218750000000e+01
5.552734375000000000e+01
5.561816406250000000e+01
5.567539062499999858e+01
5.346923828125000000e+01
5.567539062499999858e+01
5.277304687499999858e+01
4.994208984374999716e+01
4.994208984374999716e+01
4.994208984374999716e+01
4.994208984374999716e+01
5.277470703125000284e+01
5.204482421875000142e+01
4.994208984374999716e+01
5.204453124999999858e+01
5.032089843749999858e+01
4.890693359374999716e+01
4.890693359374999716e+01
4.890693359374999716e+01
4.890693359374999716e+01
4.890693359374999716e+01
4.890693359374999716e+01
4.890693359374999716e+01
4.850820312500000142e+01
4.850820312500000142e+01
4.884082031250000000e+01
4.884082031250000000e+01
4.884082031250000000e+01
4.884082031250000000e+01
4.884082031250000000e+01
4.884082031250000000e+01
4.884082031250000000e+01
4.884082031250000000e+01
4.884082031250000000e+01
4.884082031250000000e+01
4.884082031250000000e+01
4.884082031250000000e+01
4.884082031250000000e+01
4.884082031250000000e+01
4.884082031250000000e+01
4.884082031250000000e+01
4.884082031250000000e+01
4.860839843750000000e+01
5.108183593750000284e+01
4.832050781249999716e+01
4.832050781249999716e+01
4.832050781249999716e+01
4.832050781249999716e+01
4.832050781249999716e+01
4.832050781249999716e+01
4.832050781249999716e+01
4.860917968750000284e+01
4.860917968750000284e+01
4.870527343749999716e+01
4.870527343749999716e+01
4.870527343749999716e+01
4.870527343749999716e+01
4.870527343749999716e+01
4.870527343749999716e+01
4.870527343749999716e+01
4.870527343749999716e+01
4.870527343749999716e+01
4.870527343749999716e+01
4.870624999999999716e+01
4.870624999999999716e+01
4.865791015624999716e+01
4.865791015624999716e+01
4.865791015624999716e+01
4.865791015624999716e+01
4.865791015624999716e+01
4.865791015624999716e+01
4.865791015624999716e+01
5.104023437499999716e+01
4.726328124999999858e+01
4.780498046875000284e+01
4.865791015624999716e+01
4.865791015624999716e+01
5.077353515624999858e+01
5.077353515624999858e+01
5.077353515624999858e+01
5.077353515624999858e+01
4.727880859375000000e+01
4.780498046875000284e+01
5.077324218750000284e+01
4.727880859375000000e+01
4.767871093750000000e+01
4.772832031250000284e+01
5.077324218750000284e+01
5.077324218750000284e+01
5.077324218750000284e+01
5.077324218750000284e+01
4.767871093750000000e+01
4.772832031250000284e+01
5.077324218750000284e+01
4.718574218749999716e+01
4.772832031250000284e+01
4.948417968750000284e+01
4.772832031250000284e+01
4.772832031250000284e+01
4.772832031250000284e+01
4.772832031250000284e+01
4.948388671875000000e+01
4.772832031250000284e+01
4.948388671875000000e+01
4.772802734375000000e+01
4.948388671875000000e+01
4.772802734375000000e+01
4.948388671875000000e+01
4.948388671875000000e+01
4.948388671875000000e+01
4.948388671875000000e+01
4.777158203124999858e+01
4.954794921874999858e+01
4.777158203124999858e+01
4.954794921874999858e+01
4.772109375000000142e+01
4.724775390624999716e+01
4.772109375000000142e+01
4.772109375000000142e+01
4.772109375000000142e+01
4.772109375000000142e+01
4.753232421874999858e+01
4.948554687499999716e+01
4.694765625000000142e+01
4.753134765624999858e+01
4.772705078125000000e+01
4.789697265625000000e+01
4.772705078125000000e+01
4.772705078125000000e+01
4.772705078125000000e+01
4.772705078125000000e+01
4.788935546874999716e+01
4.751337890624999716e+01
4.788720703125000000e+01
4.973281250000000142e+01
4.648828125000000000e+01
4.788935546874999716e+01
4.648476562500000142e+01
4.648476562500000142e+01
4.648476562500000142e+01
4.648476562500000142e+01
4.687431640625000284e+01
4.687431640625000284e+01
4.778349609375000284e+01
4.778349609375000284e+01
4.606992187499999858e+01
4.606992187499999858e+01
4.598281250000000142e+01
4.598281250000000142e+01
4.598281250000000142e+01
4.598281250000000142e+01
4.598281250000000142e+01
4.598281250000000142e+01
4.662949218749999858e+01
4.769892578124999716e+01
4.212548828125000000e+01
4.673222656250000284e+01
4.662294921875000142e+01
4.662294921875000142e+01
4.662294921875000142e+01
4.662294921875000142e+01
4.285888671875000000e+01
4.673222656250000284e+01
4.279648437499999858e+01
4.673222656250000284e+01
4.279648437499999858e+01
4.306826171875000142e+01
4.863447265624999716e+01
4.863447265624999716e+01
4.863447265624999716e+01
4.863447265624999716e+01
4.221171875000000284e+01
4.284580078124999858e+01
4.855468750000000000e+01
4.221298828124999858e+01
4.419062499999999716e+01
4.285810546874999716e+01
4.868671874999999716e+01
4.868671874999999716e+01
4.868671874999999716e+01
4.868671874999999716e+01
4.198720703125000142e+01
4.439628906250000284e+01
4.327822265625000142e+01
4.439384765625000284e+01
4.327402343749999858e+01
4.848349609374999858e+01
4.180009765625000284e+01
4.180009765625000284e+01
4.180009765625000284e+01
4.180009765625000284e+01
4.439902343749999858e+01
4.439902343749999858e+01
4.206123046874999716e+01
4.824384765624999716e+01
4.206123046874999716e+01
4.404550781249999858e+01
4.412714843749999716e+01
4.412714843749999716e+01
4.412714843749999716e+01
4.412714843749999716e+01
4.308203125000000000e+01
4.401044921874999716e+01
4.308759765624999716e+01
4.406337890625000142e+01
4.308759765624999716e+01
4.406337890625000142e+01
4.335019531249999858e+01
4.335019531249999858e+01
4.335019531249999858e+01
4.335019531249999858e+01
4.335019531249999858e+01
4.406298828125000000e+01
4.335019531249999858e+01
4.354628906250000142e+01
4.393427734374999716e+01
4.349414062500000000e+01
4.389873046875000284e+01
4.389873046875000284e+01
4.389873046875000284e+01
4.389873046875000284e+01
4.317158203124999716e+01
4.388515625000000142e+01
4.388515625000000142e+01
4.315791015624999716e+01
4.206464843749999716e+01
4.314179687499999716e+01
4.209902343750000142e+01
4.209902343750000142e+01
4.209902343750000142e+01
4.209902343750000142e+01
4.208740234375000000e+01
4.134960937500000000e+01
4.134960937500000000e+01
4.208740234375000000e+01
4.134960937500000000e+01
4.204794921874999858e+01
4.204492187500000000e+01
4.204492187500000000e+01
4.204492187500000000e+01
4.204492187500000000e+01
4.134814453125000000e+01
4.438613281250000142e+01
4.329208984374999858e+01
4.153154296875000284e+01
4.150175781250000284e+01
4.084765625000000000e+01
4.290732421874999858e+01
4.290732421874999858e+01
4.290732421874999858e+01
4.290732421874999858e+01
4.149980468750000284e+01
4.095859374999999858e+01
4.290498046874999716e+01
4.103535156249999716e+01
4.094609375000000284e+01
4.290498046874999716e+01
4.094570312500000142e+01
4.094570312500000142e+01
4.094570312500000142e+01
4.094570312500000142e+01
4.094628906250000000e+01
4.400087890625000142e+01
4.172539062500000284e+01
4.428447265625000284e+01
4.172539062500000284e+01
4.427958984375000284e+01
4.172578124999999716e+01
4.172578124999999716e+01
4.172578124999999716e+01
4.172578124999999716e+01
4.375400390624999858e+01
4.172578124999999716e+01
4.375400390624999858e+01
4.157607421875000142e+01
4.350595703124999858e+01
4.006972656250000142e+01
4.359765625000000000e+01
4.359765625000000000e+01
4.359765625000000000e+01
4.359765625000000000e+01
4.157431640624999858e+01
4.332841796875000284e+01
4.001630859374999716e+01
4.334580078124999858e+01
4.148242187500000000e+01
4.376874999999999716e+01
3.975615234375000284e+01
3.975615234375000284e+01
3.975615234375000284e+01
3.975615234375000284e+01
4.364970703125000284e+01
3.976513671875000000e+01
4.321992187499999716e+01
3.954580078125000142e+01
4.321992187499999716e+01
4.186181640625000000e+01
3.957314453125000142e+01
3.957314453125000142e+01
3.957314453125000142e+01
3.957314453125000142e+01
4.302255859374999858e+01
4.088818359375000000e+01
4.266455078125000000e+01
4.217666015625000142e+01
4.288837890624999716e+01
3.954082031250000284e+01
4.272050781250000284e+01
4.272050781250000284e+01
4.272050781250000284e+01
4.272050781250000284e+01
4.214550781250000000e+01
4.275556640624999716e+01
4.126357421875000142e+01
4.277695312499999858e+01
4.046181640625000142e+01
4.272050781250000284e+01
4.045869140624999716e+01
4.045869140624999716e+01
4.045869140624999716e+01
4.045869140624999716e+01
4.264628906250000284e+01
4.043876953125000284e+01
4.249707031250000000e+01
4.226337890624999716e+01
4.226337890624999716e+01
4.226337890624999716e+01
4.163564453125000142e+01
4.163564453125000142e+01
4.163564453125000142e+01
4.163564453125000142e+01
4.226328124999999858e+01
4.241035156249999716e+01
4.095410156250000000e+01
4.210332031250000284e+01
4.141464843749999858e+01
4.150517578125000284e+01
4.103291015624999716e+01
4.103291015624999716e+01
4.103291015624999716e+01
4.103291015624999716e+01
4.196201171874999858e+01
4.075371093750000284e+01
4.179501953124999858e+01
4.171943359374999716e+01
4.073408203124999716e+01
4.154228515625000284e+01
4.143496093750000142e+01
4.143496093750000142e+01
4.143496093750000142e+01
4.143496093750000142e+01
4.024648437500000142e+01
4.163632812499999858e+01
4.163632812499999858e+01
4.163632812499999858e+01
4.082832031249999716e+01
4.163632812499999858e+01
4.163632812499999858e+01
4.163632812499999858e+01
4.163632812499999858e+01
4.163632812499999858e+01
4.046640624999999858e+01
4.159960937500000000e+01
4.150664062500000284e+01
4.129990234374999858e+01
4.129990234374999858e+01
4.130498046875000284e+01
4.130498046875000284e+01
4.130498046875000284e+01
4.130498046875000284e+01
4.130498046875000284e+01
4.070361328125000000e+01
4.139160156250000000e+01
4.139160156250000000e+01
4.025136718750000142e+01
4.116972656250000284e+01
4.116972656250000284e+01
4.116972656250000284e+01
4.116972656250000284e+01
4.116972656250000284e+01
4.116972656250000284e+01
3.960107421875000000e+01
4.024882812500000284e+01
4.027773437500000142e+01
3.954550781249999858e+01
3.937939453125000000e+01
3.911738281249999716e+01
3.913330078125000000e+01
3.913330078125000000e+01
3.913330078125000000e+01
3.913330078125000000e+01
3.913330078125000000e+01
3.895175781249999858e+01
3.895175781249999858e+01
3.927197265625000000e+01
3.895175781249999858e+01
3.928417968750000000e+01
3.896308593749999716e+01
3.896308593749999716e+01
3.896308593749999716e+01
3.896308593749999716e+01
3.920595703125000142e+01
3.891376953124999716e+01
3.920595703125000142e+01
3.892539062499999858e+01
3.921787109374999858e+01
3.862626953125000284e+01
3.889199218750000142e+01
3.889199218750000142e+01
3.889199218750000142e+01
3.889199218750000142e+01
3.889199218750000142e+01
3.889199218750000142e+01
3.903134765624999858e+01
3.682255859375000284e+01
4.261132812500000000e+01
3.704990234374999858e+01
4.175537109375000000e+01
4.175537109375000000e+01
4.175537109375000000e+01
4.175537109375000000e+01
3.634521484375000000e+01
3.976328124999999858e+01
3.828935546875000284e+01
3.961748046875000284e+01
3.828935546875000284e+01
3.806718750000000284e+01
3.928007812500000284e+01
3.928007812500000284e+01
3.928007812500000284e+01
3.928007812500000284e+01
3.780449218750000284e+01
3.748955078125000284e+01
3.935517578124999716e+01
3.751757812500000000e+01
3.757792968750000284e+01
3.757792968750000284e+01
3.759316406250000142e+01
3.759316406250000142e+01
3.759316406250000142e+01
3.759316406250000142e+01
3.878115234375000142e+01
3.793916015624999716e+01
3.718769531249999716e+01
3.724541015625000284e+01
3.886054687499999716e+01
3.743916015624999716e+01
3.715556640625000284e+01
3.715556640625000284e+01
3.715556640625000284e+01
3.715556640625000284e+01
3.716103515625000142e+01
3.886035156250000000e+01
3.726318359375000000e+01
3.716103515625000142e+01
3.722353515625000142e+01
3.737373046874999716e+01
3.738671875000000000e+01
3.738671875000000000e+01
3.738671875000000000e+01
3.738671875000000000e+01
3.810429687500000284e+01
3.736728515624999858e+01
3.736728515624999858e+01
3.810429687500000284e+01
3.811425781250000000e+01
3.746533203125000000e+01
3.803232421874999858e+01
3.803232421874999858e+01
3.803232421874999858e+01
3.803232421874999858e+01
3.738720703125000000e+01
3.803232421874999858e+01
3.713818359375000000e+01
3.803232421874999858e+01
3.777294921875000000e+01
3.766552734375000000e+01
3.676015625000000142e+01
3.676015625000000142e+01
3.676015625000000142e+01
3.676015625000000142e+01
3.805947265625000142e+01
3.766552734375000000e+01
3.676123046875000000e+01
3.767646484374999716e+01
3.740615234375000142e+01
3.740615234375000142e+01
3.740615234375000142e+01
3.740615234375000142e+01
3.740615234375000142e+01
3.740615234375000142e+01
3.740615234375000142e+01
3.732666015625000000e+01
3.732666015625000000e+01
3.732666015625000000e+01
3.712041015625000284e+01
3.795624999999999716e+01
3.731181640625000284e+01
3.731181640625000284e+01
3.731181640625000284e+01
3.731181640625000284e+01
3.795624999999999716e+01
3.731181640625000284e+01
3.731406249999999858e+01
3.628320312500000000e+01
3.683808593749999716e+01
3.721601562499999716e+01
3.611484374999999858e+01
3.611484374999999858e+01
3.611484374999999858e+01
3.611484374999999858e+01
3.707851562500000142e+01
3.584794921875000284e+01
3.686806640625000142e+01
3.681865234375000284e+01
3.646845703124999716e+01
3.688027343750000142e+01
3.778046874999999716e+01
3.778046874999999716e+01
3.778046874999999716e+01
3.778046874999999716e+01
3.646845703124999716e+01
3.566054687500000142e+01
3.680224609375000000e+01
3.482421875000000000e+01
3.540732421874999858e+01
3.515136718750000000e+01
3.524072265625000000e+01
3.524072265625000000e+01
3.524072265625000000e+01
3.524072265625000000e+01
3.518847656250000000e+01
3.504277343750000284e+01
3.524541015625000284e+01
3.515361328125000284e+01
3.509707031250000142e+01
3.539248046875000142e+01
3.528906250000000000e+01
3.528906250000000000e+01
3.528906250000000000e+01
3.528906250000000000e+01
3.538369140625000142e+01
3.542490234374999858e+01
3.493886718750000142e+01
3.539726562500000284e+01
3.495693359375000142e+01
3.540380859375000000e+01
3.484804687500000142e+01
3.484804687500000142e+01
3.484804687500000142e+01
3.484804687500000142e+01
3.549091796874999716e+01
3.605751953125000142e+01
3.484736328124999716e+01
3.529150390625000000e+01
3.530634765624999716e+01
3.533876953125000142e+01
3.525673828125000142e+01
3.525673828125000142e+01
3.525673828125000142e+01
3.525673828125000142e+01
3.525673828125000142e+01
3.525673828125000142e+01
3.525673828125000142e+01
3.542558593750000284e+01
3.542558593750000284e+01
3.580175781250000000e+01
3.517148437499999858e+01
3.517148437499999858e+01
3.517148437499999858e+01
3.517148437499999858e+01
3.539667968749999716e+01
3.530361328125000142e+01
3.514052734375000142e+01
3.518544921875000142e+01
3.467646484374999716e+01
3.475380859375000142e+01
3.492587890624999858e+01
3.492587890624999858e+01
3.492587890624999858e+01
3.492587890624999858e+01
3.496220703125000284e+01
3.354404296874999858e+01
3.623027343750000284e+01
3.446923828125000000e+01
3.561464843750000142e+01
3.426367187500000000e+01
3.468085937499999716e+01
3.468085937499999716e+01
3.468085937499999716e+01
3.468085937499999716e+01
3.430986328125000284e+01
3.515937499999999716e+01
3.336816406250000000e+01
3.588710937500000142e+01
3.450585937500000000e+01
3.578632812499999716e+01
3.502060546874999858e+01
3.502060546874999858e+01
3.502060546874999858e+01
3.502060546874999858e+01
3.510146484375000142e+01
3.450830078125000000e+01
3.462617187499999716e+01
3.432519531250000000e+01
3.394121093750000284e+01
3.458134765625000284e+01
3.410263671874999858e+01
3.410263671874999858e+01
3.410263671874999858e+01
3.410263671874999858e+01
3.516630859375000284e+01
3.548945312499999716e+01
3.548105468749999858e+01
3.441474609374999716e+01
3.640156249999999716e+01
3.401679687499999716e+01
3.507373046875000000e+01
3.507373046875000000e+01
3.507373046875000000e+01
3.507373046875000000e+01
3.548222656250000284e+01
3.488916015625000000e+01
3.417880859374999858e+01
3.507343749999999716e+01
3.471914062500000142e+01
3.543857421874999858e+01
3.261171875000000142e+01
3.261171875000000142e+01
3.261171875000000142e+01
3.261171875000000142e+01
3.797236328124999716e+01
3.240195312499999858e+01
3.620156250000000142e+01
3.222509765625000000e+01
3.855732421874999716e+01
3.213662109375000142e+01
3.583330078125000284e+01
3.583330078125000284e+01
3.583330078125000284e+01
3.583330078125000284e+01
3.343867187499999716e+01
3.651113281250000142e+01
3.222382812499999716e+01
3.875351562499999858e+01
3.206308593749999858e+01
3.480019531250000142e+01
3.445839843750000142e+01
3.445839843750000142e+01
3.445839843750000142e+01
3.445839843750000142e+01
3.353398437500000284e+01
3.572734375000000284e+01
3.295654296875000000e+01
3.688994140625000284e+01
3.255136718749999858e+01
3.637207031250000000e+01
3.306054687500000000e+01
3.306054687500000000e+01
3.306054687500000000e+01
3.306054687500000000e+01
3.640390624999999858e+01
3.211533203124999858e+01
3.689267578124999858e+01
3.191679687499999929e+01
3.696123046875000284e+01
3.208271484374999716e+01
3.644238281250000000e+01
3.644238281250000000e+01
3.644238281250000000e+01
3.644238281250000000e+01
3.212402343750000000e+01
3.726279296874999858e+01
3.193613281249999858e+01
3.594687499999999858e+01
3.311152343749999716e+01
3.684882812499999716e+01
3.183388671875000142e+01
3.183388671875000142e+01
3.183388671875000142e+01
3.183388671875000142e+01
3.650986328124999858e+01
3.187353515625000000e+01
3.672626953124999716e+01
3.181376953124999929e+01
3.682910156250000000e+01
3.193281250000000071e+01
3.532861328125000000e+01
3.532861328125000000e+01
3.532861328125000000e+01
3.532861328125000000e+01
3.311806640625000142e+01
3.787470703124999716e+01
3.072519531249999858e+01
3.438886718749999716e+01
3.401181640624999858e+01
3.415859375000000142e+01
3.492177734375000142e+01
3.492177734375000142e+01
3.492177734375000142e+01
3.492177734375000142e+01
3.282753906250000142e+01
3.703730468749999716e+01
3.185527343749999929e+01
3.596318359375000284e+01
3.190625000000000000e+01
3.778105468750000284e+01
3.046259765625000071e+01
3.046259765625000071e+01
3.046259765625000071e+01
3.046259765625000071e+01
3.280224609375000000e+01
3.638398437499999716e+01
3.120419921874999858e+01
3.712910156249999716e+01
3.040527343750000000e+01
3.608261718749999858e+01
3.179267578125000071e+01
3.179267578125000071e+01
3.179267578125000071e+01
3.179267578125000071e+01
3.714853515624999858e+01
3.040419921875000142e+01
3.405400390625000284e+01
3.415136718750000000e+01
3.258847656249999858e+01
3.632470703125000000e+01
3.041279296875000071e+01
3.041279296875000071e+01
3.041279296875000071e+01
3.041279296875000071e+01
3.665664062500000142e+01
3.038593750000000071e+01
3.615371093750000142e+01
3.038593750000000071e+01
3.648964843750000142e+01
3.038593750000000071e+01
3.622783203125000284e+01
3.622783203125000284e+01
3.622783203125000284e+01
3.622783203125000284e+01
3.038593750000000071e+01
3.621474609375000142e+01
3.038593750000000071e+01
3.619843749999999716e+01
3.031425781249999929e+01
3.563613281250000142e+01
3.038593750000000071e+01
3.038593750000000071e+01
3.038593750000000071e+01
3.038593750000000071e+01
3.594980468749999858e+01
3.038593750000000071e+01
3.501572265624999858e+01
3.040351562500000071e+01
3.641015625000000000e+01
3.036025390625000142e+01
3.168945312500000000e+01
3.168945312500000000e+01
3.168945312500000000e+01
3.168945312500000000e+01
3.574609375000000000e+01
3.031308593749999858e+01
3.395341796875000284e+01
3.084667968750000000e+01
3.962705078124999858e+01
2.877070312500000071e+01
3.073310546875000071e+01
3.073310546875000071e+01
3.073310546875000071e+01
3.073310546875000071e+01
3.180546874999999929e+01
3.532490234374999716e+01
3.042939453125000071e+01
3.169921875000000000e+01
3.396357421874999716e+01
3.068701171875000000e+01
3.440625000000000000e+01
3.440625000000000000e+01
3.440625000000000000e+01
3.440625000000000000e+01
3.024609375000000000e+01
3.303925781249999716e+01
3.080361328125000142e+01
3.820771484374999716e+01
2.857011718749999929e+01
3.044472656250000142e+01
3.012597656250000000e+01
3.012597656250000000e+01
3.012597656250000000e+01
3.012597656250000000e+01
3.771259765624999716e+01
2.854873046875000142e+01
2.996474609375000142e+01
3.204511718749999716e+01
3.441484375000000284e+01
2.945849609375000000e+01
3.290859375000000142e+01
3.290859375000000142e+01
3.290859375000000142e+01
3.290859375000000142e+01
3.011923828124999858e+01
3.708076171874999716e+01
2.848613281249999929e+01
2.996474609375000142e+01
3.312646484375000000e+01
2.948173828124999929e+01
3.710244140625000142e+01
3.710244140625000142e+01
3.710244140625000142e+01
3.710244140625000142e+01
2.827460937500000071e+01
3.003359375000000142e+01
3.234814453125000000e+01
2.907089843749999858e+01
3.844511718750000284e+01
2.803564453125000000e+01
2.975527343750000142e+01
2.975527343750000142e+01
2.975527343750000142e+01
2.975527343750000142e+01
2.981865234374999929e+01
3.821757812500000284e+01
2.817753906249999929e+01
3.052529296875000142e+01
2.925800781250000071e+01
3.856015624999999858e+01
2.803691406249999929e+01
2.803691406249999929e+01
2.803691406249999929e+01
2.803691406249999929e+01
2.924355468750000142e+01
3.025361328125000071e+01
3.716494140625000142e+01
2.794062500000000071e+01
2.918115234375000000e+01
3.315039062500000000e+01
2.842138671875000000e+01
2.842138671875000000e+01
2.842138671875000000e+01
2.842138671875000000e+01
3.773261718749999716e+01
2.787841796875000000e+01
2.899355468750000142e+01
3.218916015624999716e+01
2.940537109374999858e+01
3.773740234374999858e+01
2.714697265625000000e+01
2.714697265625000000e+01
2.714697265625000000e+01
2.714697265625000000e+01
2.916015625000000000e+01
3.366757812499999858e+01
2.835468750000000071e+01
3.727685546875000000e+01
2.705742187499999929e+01
2.918144531249999929e+01
3.484853515625000142e+01
3.484853515625000142e+01
3.484853515625000142e+01
3.484853515625000142e+01
2.779687500000000000e+01
3.155507812500000142e+01
2.877626953125000142e+01
3.867822265625000000e+01
2.692773437500000000e+01
2.862685546875000142e+01
3.263466796875000142e+01
3.263466796875000142e+01
3.263466796875000142e+01
3.263466796875000142e+01
2.815869140625000000e+01
3.743818359374999716e+01
2.697646484375000142e+01
2.877109374999999858e+01
3.691689453125000142e+01
2.715869140625000000e+01
2.891250000000000142e+01
2.891250000000000142e+01
2.891250000000000142e+01
2.891250000000000142e+01
3.852685546875000000e+01
2.686699218749999929e+01
2.762597656250000000e+01
3.820537109375000284e+01
2.688691406250000071e+01
2.756328124999999929e+01
3.894208984374999716e+01
3.894208984374999716e+01
3.894208984374999716e+01
3.894208984374999716e+01
2.684375000000000000e+01
2.748505859375000071e+01
3.734443359374999716e+01
2.696904296874999929e+01
2.730312500000000142e+01
3.966386718750000284e+01
2.679023437500000071e+01
2.679023437500000071e+01
2.679023437500000071e+01
2.679023437500000071e+01
2.743427734375000071e+01
3.705410156250000142e+01
2.680156249999999929e+01
2.724003906249999929e+01
4.018623046874999716e+01
2.674091796875000071e+01
2.743398437500000142e+01
2.743398437500000142e+01
2.743398437500000142e+01
2.743398437500000142e+01
3.267812500000000142e+01
2.621923828125000000e+01
3.635009765625000000e+01
2.660146484375000142e+01
2.767138671875000000e+01
4.005214843750000142e+01
2.671279296875000142e+01
2.671279296875000142e+01
2.671279296875000142e+01
2.671279296875000142e+01
2.745410156250000000e+01
3.241015625000000000e+01
2.597832031249999929e+01
3.780146484374999716e+01
2.654960937499999929e+01
2.717539062499999858e+01
3.895869140624999716e+01
3.895869140624999716e+01
3.895869140624999716e+01
3.895869140624999716e+01
2.656455078124999858e+01
2.681376953124999929e+01
3.476826171874999716e+01
2.596894531250000071e+01
2.811982421875000071e+01
3.895712890624999858e+01
2.653154296874999929e+01
2.653154296874999929e+01
2.653154296874999929e+01
2.653154296874999929e+01
2.698583984375000000e+01
3.622792968750000142e+01
2.643662109374999858e+01
2.647783203124999929e+01
4.060517578124999716e+01
2.649218750000000000e+01
2.652744140624999858e+01
2.652744140624999858e+01
2.652744140624999858e+01
2.652744140624999858e+01
3.064843750000000000e+01
2.590751953124999929e+01
4.052412109374999716e+01
2.652343750000000000e+01
2.649384765625000071e+01
3.065849609374999929e+01
2.581669921874999929e+01
2.581669921874999929e+01
2.581669921874999929e+01
2.581669921874999929e+01
4.064755859374999858e+01
2.630166015625000142e+01
2.628144531250000071e+01
3.018935546875000142e+01
2.579609375000000071e+01
4.203359375000000142e+01
2.572949218750000000e+01
2.572949218750000000e+01
2.572949218750000000e+01
2.572949218750000000e+01
2.679619140624999929e+01
2.847744140625000142e+01
2.977216796875000071e+01
2.579785156250000000e+01
4.247753906250000000e+01
2.593632812499999929e+01
2.604687500000000000e+01
2.604687500000000000e+01
2.604687500000000000e+01
2.604687500000000000e+01
2.693427734375000071e+01
3.740722656250000000e+01
2.589160156250000000e+01
2.588095703124999858e+01
3.870517578124999858e+01
2.588662109375000142e+01
2.589453125000000000e+01
2.589453125000000000e+01
2.589453125000000000e+01
2.589453125000000000e+01
3.137919921874999929e+01
2.591923828124999929e+01
3.719023437500000284e+01
2.591191406249999929e+01
2.590615234375000142e+01
4.076445312500000284e+01
2.586787109375000071e+01
2.586787109375000071e+01
2.586787109375000071e+01
2.586787109375000071e+01
2.604873046875000142e+01
2.817187500000000000e+01
2.819326171875000142e+01
2.871923828125000000e+01
2.794746093750000071e+01
3.177509765625000071e+01
2.555156249999999929e+01
2.555156249999999929e+01
2.555156249999999929e+01
2.555156249999999929e+01
3.934257812500000284e+01
2.582158203124999929e+01
2.592431640625000000e+01
2.834003906250000071e+01
2.788955078125000142e+01
2.867773437500000000e+01
2.826884765624999929e+01
2.826884765624999929e+01
2.826884765624999929e+01
2.826884765624999929e+01
3.233662109374999716e+01
2.542666015625000142e+01
3.187060546875000000e+01
2.534179687500000000e+01
4.003994140625000142e+01
2.571025390624999929e+01
2.562490234375000142e+01
2.562490234375000142e+01
2.562490234375000142e+01
2.562490234375000142e+01
3.064101562500000142e+01
2.505341796875000071e+01
3.999023437500000000e+01
2.571035156250000142e+01
2.544863281250000142e+01
2.735126953125000071e+01
2.899248046874999929e+01
2.899248046874999929e+01
2.899248046874999929e+01
2.899248046874999929e+01
2.724833984374999929e+01
3.839511718749999858e+01
2.544648437500000071e+01
2.545039062500000071e+01
3.473291015625000000e+01
2.501347656249999929e+01
2.523300781249999858e+01
2.523300781249999858e+01
2.523300781249999858e+01
2.523300781249999858e+01
4.208232421875000284e+01
2.545732421874999929e+01
2.547216796875000000e+01
2.578203124999999929e+01
3.462382812500000284e+01
2.488789062500000071e+01
2.573447265624999858e+01
2.573447265624999858e+01
2.573447265624999858e+01
2.573447265624999858e+01
4.132509765625000142e+01
2.539658203124999858e+01
2.510859375000000071e+01
2.562382812499999929e+01
3.277294921875000000e+01
2.460820312499999929e+01
3.142802734374999929e+01
3.142802734374999929e+01
3.142802734374999929e+01
3.142802734374999929e+01
2.456816406249999929e+01
3.967402343749999716e+01
2.506757812500000071e+01
2.499492187499999929e+01
3.015019531249999929e+01
2.463535156249999858e+01
4.114912109374999716e+01
4.114912109374999716e+01
4.114912109374999716e+01
4.114912109374999716e+01
2.503779296875000071e+01
2.482617187500000000e+01
2.495556640625000000e+01
3.283339843750000142e+01
2.450039062500000142e+01
3.243320312499999858e+01
2.447841796875000142e+01
2.447841796875000142e+01
2.447841796875000142e+01
2.447841796875000142e+01
3.031962890624999929e+01
2.449374999999999858e+01
4.266552734375000000e+01
2.493847656250000000e+01
2.483046875000000142e+01
2.493046874999999929e+01
3.321064453124999716e+01
3.321064453124999716e+01
3.321064453124999716e+01
3.321064453124999716e+01
2.438154296875000071e+01
3.108662109375000071e+01
2.439912109375000071e+01
3.863642578124999716e+01
2.451162109375000142e+01
2.443916015625000071e+01
3.218779296875000284e+01
3.218779296875000284e+01
3.218779296875000284e+01
3.218779296875000284e+01
2.432812500000000000e+01
3.123105468749999858e+01
2.435537109375000142e+01
3.800146484375000000e+01
2.444160156250000071e+01
2.475468749999999929e+01
3.364052734375000142e+01
3.364052734375000142e+01
3.364052734375000142e+01
3.364052734375000142e+01
2.423916015625000142e+01
2.650097656250000000e+01
3.439863281249999716e+01
2.443476562500000071e+01
3.104033203124999929e+01
2.426826171875000071e+01
3.510185546875000284e+01
3.510185546875000284e+01
3.510185546875000284e+01
3.510185546875000284e+01
2.451650390625000142e+01
2.458808593750000071e+01
4.469003906249999858e+01
2.476347656249999929e+01
2.441269531249999858e+01
2.458681640625000142e+01
3.058300781250000000e+01
3.058300781250000000e+01
3.058300781250000000e+01
3.058300781250000000e+01
2.427763671874999929e+01
3.451132812499999858e+01
2.450849609375000071e+01
3.231992187499999858e+01
2.429531250000000142e+01
3.390800781250000284e+01
2.451249999999999929e+01
2.451249999999999929e+01
2.451249999999999929e+01
2.451249999999999929e+01
2.457480468749999858e+01
4.553457031250000142e+01
2.478173828125000000e+01
2.421308593750000071e+01
2.583154296875000000e+01
2.576455078125000142e+01
3.373642578124999858e+01
3.373642578124999858e+01
3.373642578124999858e+01
3.373642578124999858e+01
2.437988281250000000e+01
3.354052734375000000e+01
2.433349609375000000e+01
2.631660156250000071e+01
3.587548828125000000e+01
2.441757812499999858e+01
2.433291015625000142e+01
2.433291015625000142e+01
2.433291015625000142e+01
2.433291015625000142e+01
4.154287109375000142e+01
2.435419921875000071e+01
2.416660156249999858e+01
2.911787109375000071e+01
2.436083984375000000e+01
3.903730468749999716e+01
2.433867187499999929e+01
2.433867187499999929e+01
2.433867187499999929e+01
2.433867187499999929e+01
2.416982421875000142e+01
3.248632812500000000e+01
2.423984374999999858e+01
3.368710937499999858e+01
2.443124999999999858e+01
2.427656250000000071e+01
4.797392578125000284e+01
4.797392578125000284e+01
4.797392578125000284e+01
4.797392578125000284e+01
2.534824218749999858e+01
2.426748046875000142e+01
2.446572265625000142e+01
2.584892578124999929e+01
3.270068359375000000e+01
2.420332031250000071e+01
3.320478515624999716e+01
3.320478515624999716e+01
3.320478515624999716e+01
3.320478515624999716e+01
2.444140625000000000e+01
2.425732421875000000e+01
4.539863281249999716e+01
2.457470703125000000e+01
2.419628906250000000e+01
2.412441406250000142e+01
3.248955078125000284e+01
3.248955078125000284e+01
3.248955078125000284e+01
3.248955078125000284e+01
2.407744140624999929e+01
3.218876953125000284e+01
2.441835937500000142e+01
3.335566406249999716e+01
2.443583984374999929e+01
2.422080078124999858e+01
4.476845703125000142e+01
4.476845703125000142e+01
4.476845703125000142e+01
4.476845703125000142e+01
2.457675781249999858e+01
2.418925781249999929e+01
2.441542968750000142e+01
3.195839843750000142e+01
2.416630859374999929e+01
3.339970703125000284e+01
2.436982421875000071e+01
2.436982421875000071e+01
2.436982421875000071e+01
2.436982421875000071e+01
2.426513671875000000e+01
4.685146484375000142e+01
2.452441406250000000e+01
2.421855468749999929e+01
2.407958984375000000e+01
2.892412109374999929e+01
2.420869140625000071e+01
2.395888671875000142e+01
2.395888671875000142e+01
2.395888671875000142e+01
3.413896484375000284e+01
2.411250000000000071e+01
2.628125000000000000e+01
3.232431640624999858e+01
2.412207031250000000e+01
3.232236328124999858e+01
2.413603515624999929e+01
2.413603515624999929e+01
2.413603515624999929e+01
2.413603515624999929e+01
2.410087890624999929e+01
4.761640624999999716e+01
2.449023437500000000e+01
2.392226562500000142e+01
2.392861328125000142e+01
2.450673828125000142e+01
3.051699218750000142e+01
3.051699218750000142e+01
3.051699218750000142e+01
3.051699218750000142e+01
2.390527343750000000e+01
3.422529296874999716e+01
2.411250000000000071e+01
2.714746093750000000e+01
3.220322265624999858e+01
2.412207031250000000e+01
2.590195312499999858e+01
2.590195312499999858e+01
2.590195312499999858e+01
2.590195312499999858e+01
3.645507812500000000e+01
2.414482421874999929e+01
2.391337890624999929e+01
3.338378906250000000e+01
2.413027343750000142e+01
2.394179687500000142e+01
4.873085937500000142e+01
4.873085937500000142e+01
4.873085937500000142e+01
4.873085937500000142e+01
2.496142578125000000e+01
2.397988281250000142e+01
2.393964843750000071e+01
2.394208984375000071e+01
3.056806640625000071e+01
2.390527343750000000e+01
3.264306640625000000e+01
3.264306640625000000e+01
3.264306640625000000e+01
3.264306640625000000e+01
2.392597656250000071e+01
3.310966796875000284e+01
2.408554687499999858e+01
2.407021484375000142e+01
4.873085937500000142e+01
2.484785156250000071e+01
2.390498046875000071e+01
2.390498046875000071e+01
2.390498046875000071e+01
2.390498046875000071e+01
2.391035156250000071e+01
2.425937499999999858e+01
3.134375000000000000e+01
2.392255859375000071e+01
3.054531250000000142e+01
2.390527343750000000e+01
3.546308593749999716e+01
3.546308593749999716e+01
3.546308593749999716e+01
3.546308593749999716e+01
2.411679687499999858e+01
2.387314453124999858e+01
3.669648437499999716e+01
2.406250000000000000e+01
2.389599609375000000e+01
3.362353515625000000e+01
2.390458984374999929e+01
2.390458984374999929e+01
2.390458984374999929e+01
2.390458984374999929e+01
2.641845703125000000e+01
3.358525390625000284e+01
2.392382812500000000e+01
2.397021484375000000e+01
4.680595703125000284e+01
2.434472656250000000e+01
2.386455078124999929e+01
2.386455078124999929e+01
2.386455078124999929e+01
2.386455078124999929e+01
2.374941406250000142e+01
2.433789062500000000e+01
3.156298828125000000e+01
2.393876953124999929e+01
3.181748046874999858e+01
2.389599609375000000e+01
3.244365234375000284e+01
3.244365234375000284e+01
3.244365234375000284e+01
3.244365234375000284e+01
2.392324218750000142e+01
3.247988281250000142e+01
2.389707031249999858e+01
2.442255859375000071e+01
4.689873046875000284e+01
2.430380859374999858e+01
2.368164062500000000e+01
2.368164062500000000e+01
2.368164062500000000e+01
2.368164062500000000e+01
2.372753906250000000e+01
2.431552734374999858e+01
3.155800781250000142e+01
2.423076171874999929e+01
3.337441406250000142e+01
2.387343750000000142e+01
2.404423828124999929e+01
2.404423828124999929e+01
2.404423828124999929e+01
2.404423828124999929e+01
4.800195312500000000e+01
2.399541015624999929e+01
2.382246093750000071e+01
2.371249999999999858e+01
2.409003906250000071e+01
3.135371093750000071e+01
2.435166015624999858e+01
2.435166015624999858e+01
2.435166015624999858e+01
2.435166015624999858e+01
3.238769531250000000e+01
2.390683593749999858e+01
3.284990234375000284e+01
2.385498046875000000e+01
2.393349609375000142e+01
5.062724609375000284e+01
2.449785156249999929e+01
2.449785156249999929e+01
2.449785156249999929e+01
2.449785156249999929e+01
2.369111328125000071e+01
2.382919921874999858e+01
2.367685546874999858e+01
2.394101562499999858e+01
3.275566406250000284e+01
2.387900390624999858e+01
3.301005859375000284e+01
3.301005859375000284e+01
3.301005859375000284e+01
3.301005859375000284e+01
2.385097656250000142e+01
2.615634765624999858e+01
4.079824218750000142e+01
2.353798828125000142e+01
2.364521484375000071e+01
2.379462890625000071e+01
3.114169921874999858e+01
3.114169921874999858e+01
3.114169921874999858e+01
3.114169921874999858e+01
2.427460937500000071e+01
3.322343750000000284e+01
2.381132812499999929e+01
2.386464843750000142e+01
5.029482421875000142e+01
2.391513671874999858e+01
2.358154296875000000e+01
2.358154296875000000e+01
2.358154296875000000e+01
2.358154296875000000e+01
2.371845703125000071e+01
2.358017578124999858e+01
2.386152343750000071e+01
3.204628906250000142e+01
2.477490234375000000e+01
3.218955078124999858e+01
2.377919921875000142e+01
2.377919921875000142e+01
2.377919921875000142e+01
2.377919921875000142e+01
3.821748046874999716e+01
2.374277343749999858e+01
2.359013671874999929e+01
2.379121093750000071e+01
3.243867187499999716e+01
2.411513671875000142e+01
4.120351562500000142e+01
4.120351562500000142e+01
4.120351562500000142e+01
4.120351562500000142e+01
2.347636718749999929e+01
2.358935546875000000e+01
2.356640625000000000e+01
2.646308593750000071e+01
3.597685546875000284e+01
2.366455078125000000e+01
2.376328124999999858e+01
2.376328124999999858e+01
2.376328124999999858e+01
2.376328124999999858e+01
4.626533203124999716e+01
2.393574218750000071e+01
2.349414062500000000e+01
2.357373046875000000e+01
2.372724609375000071e+01
2.640507812499999929e+01
3.418671874999999716e+01
3.418671874999999716e+01
3.418671874999999716e+01
3.418671874999999716e+01
2.366298828125000142e+01
2.469853515624999929e+01
4.726601562500000142e+01
2.372558593750000000e+01
2.358203125000000000e+01
2.358076171875000071e+01
2.359257812499999929e+01
2.359257812499999929e+01
2.359257812499999929e+01
2.359257812499999929e+01
2.633222656250000071e+01
3.423515625000000284e+01
2.368242187499999929e+01
2.367480468750000000e+01
4.859394531249999716e+01
2.364677734374999929e+01
2.350527343750000142e+01
2.350527343750000142e+01
2.350527343750000142e+01
2.350527343750000142e+01
2.365771484375000000e+01
2.343251953125000142e+01
2.390107421875000071e+01
3.631259765624999858e+01
2.414882812500000142e+01
2.381171875000000071e+01
4.278632812499999716e+01
4.278632812499999716e+01
4.278632812499999716e+01
4.278632812499999716e+01
2.372998046875000000e+01
2.341982421875000142e+01
2.351455078125000142e+01
2.384394531250000071e+01
4.131533203125000142e+01
2.352587890625000000e+01
2.358193359375000142e+01
2.358193359375000142e+01
2.358193359375000142e+01
2.358193359375000142e+01
2.367861328125000142e+01
4.406396484375000000e+01
2.338662109375000142e+01
2.357978515625000071e+01
2.343779296874999929e+01
2.388623046875000000e+01
3.621728515625000000e+01
3.621728515625000000e+01
3.621728515625000000e+01
3.621728515625000000e+01
2.415878906249999858e+01
2.381982421875000000e+01
4.368271484374999858e+01
2.367304687500000071e+01
2.351914062499999858e+01
2.344335937500000000e+01
2.366826171874999929e+01
2.366826171874999929e+01
2.366826171874999929e+01
2.366826171874999929e+01
3.584316406250000142e+01
2.431826171875000142e+01
2.382382812499999858e+01
4.983671875000000284e+01
2.388769531250000000e+01
2.358984375000000000e+01
2.341279296875000071e+01
2.341279296875000071e+01
2.341279296875000071e+01
2.341279296875000071e+01
2.350224609374999929e+01
2.368916015625000071e+01
3.192861328125000142e+01
2.583359374999999858e+01
2.679189453125000142e+01
2.492285156250000000e+01
4.265556640625000284e+01
4.265556640625000284e+01
4.265556640625000284e+01
4.265556640625000284e+01
2.332802734375000142e+01
2.351435546875000071e+01
2.362236328124999929e+01
2.872939453125000142e+01
2.536992187499999929e+01
4.684648437500000284e+01
2.365263671874999929e+01
2.365263671874999929e+01
2.365263671874999929e+01
2.365263671874999929e+01
2.344423828125000142e+01
2.332958984375000000e+01
2.336328125000000000e+01
2.390566406250000142e+01
3.905732421874999716e+01
2.402929687500000000e+01
2.366835937500000142e+01
2.366835937500000142e+01
2.366835937500000142e+01
2.366835937500000142e+01
2.891533203124999929e+01
2.360166015624999858e+01
4.124414062500000000e+01
2.332714843750000000e+01
2.333818359374999929e+01
2.355078125000000000e+01
3.310693359375000000e+01
3.310693359375000000e+01
3.310693359375000000e+01
3.310693359375000000e+01
2.373847656250000071e+01
2.382880859375000071e+01
5.041142578125000284e+01
2.364052734375000142e+01
2.333974609375000142e+01
2.356318359375000071e+01
2.342177734375000142e+01
2.342177734375000142e+01
2.342177734375000142e+01
2.342177734375000142e+01
2.378115234375000142e+01
3.441162109375000000e+01
2.666699218750000000e+01
2.444394531249999858e+01
3.876728515624999716e+01
2.356923828125000142e+01
2.334062499999999929e+01
2.334062499999999929e+01
2.334062499999999929e+01
2.334062499999999929e+01
2.354199218750000000e+01
3.570292968750000284e+01
2.402734375000000000e+01
2.367500000000000071e+01
4.021738281249999858e+01
2.357197265625000071e+01
2.328525390624999858e+01
2.328525390624999858e+01
2.328525390624999858e+01
2.328525390624999858e+01
2.351455078125000142e+01
3.330537109374999716e+01
2.422441406249999929e+01
3.149599609375000142e+01
2.352109374999999858e+01
2.567460937499999929e+01
4.203408203125000142e+01
4.203408203125000142e+01
4.203408203125000142e+01
4.203408203125000142e+01
2.328046875000000071e+01
2.326894531250000142e+01
2.347812499999999858e+01
2.387080078125000071e+01
4.793652343750000000e+01
2.321318359374999929e+01
2.354033203124999929e+01
2.354033203124999929e+01
2.354033203124999929e+01
2.354033203124999929e+01
2.335507812499999858e+01
2.341083984375000071e+01
2.622617187499999858e+01
4.135351562500000000e+01
2.366699218750000000e+01
2.342255859375000071e+01
2.343779296874999929e+01
2.343779296874999929e+01
2.343779296874999929e+01
2.343779296874999929e+01
4.194902343750000284e+01
2.358847656249999858e+01
2.327978515625000000e+01
2.338486328124999858e+01
2.421953124999999929e+01
3.533906249999999716e+01
2.400175781249999929e+01
2.400175781249999929e+01
2.400175781249999929e+01
2.400175781249999929e+01
2.420820312500000071e+01
4.464257812500000000e+01
2.327216796875000071e+01
2.352939453124999858e+01
2.337597656250000000e+01
2.359296875000000071e+01
3.299589843750000284e+01
3.299589843750000284e+01
3.299589843750000284e+01
3.299589843750000284e+01
2.484824218749999858e+01
2.709277343750000000e+01
2.346611328124999929e+01
4.707460937500000142e+01
2.321054687499999858e+01
2.364658203124999858e+01
2.330624999999999858e+01
2.330624999999999858e+01
2.330624999999999858e+01
2.330624999999999858e+01
2.362617187500000071e+01
2.634062499999999929e+01
4.099824218749999716e+01
2.355244140625000071e+01
2.339326171875000071e+01
2.347128906249999858e+01
4.169404296874999716e+01
4.169404296874999716e+01
4.169404296874999716e+01
4.169404296874999716e+01
2.409736328125000071e+01
2.333378906249999929e+01
2.336171875000000142e+01
2.418212890625000000e+01
4.017080078125000142e+01
2.363505859374999929e+01
2.361728515624999858e+01
2.361728515624999858e+01
2.361728515624999858e+01
2.361728515624999858e+01
2.830146484375000071e+01
2.346201171874999858e+01
4.445312500000000000e+01
2.321484375000000000e+01
2.353349609374999929e+01
2.335917968749999929e+01
2.370078124999999858e+01
2.370078124999999858e+01
2.370078124999999858e+01
2.370078124999999858e+01
4.870156250000000142e+01
2.323925781250000000e+01
2.360351562500000000e+01
2.326650390625000142e+01
2.334199218750000071e+01
2.374257812500000142e+01
3.401601562500000142e+01
3.401601562500000142e+01
3.401601562500000142e+01
3.401601562500000142e+01
2.498447265624999858e+01
2.464501953125000000e+01
3.871337890625000000e+01
2.335771484374999929e+01
2.335917968749999929e+01
2.458144531250000142e+01
4.096992187499999716e+01
4.096992187499999716e+01
4.096992187499999716e+01
4.096992187499999716e+01
2.327949218750000071e+01
2.322460937500000000e+01
2.354716796874999929e+01
2.658486328125000142e+01
2.343730468749999929e+01
4.829550781249999858e+01
2.362333984374999929e+01
2.362333984374999929e+01
2.362333984374999929e+01
2.362333984374999929e+01
2.329101562500000000e+01
2.328564453125000000e+01
2.341562499999999858e+01
3.272158203125000142e+01
2.469873046875000000e+01
2.662119140624999858e+01
2.375000000000000000e+01
2.375000000000000000e+01
2.375000000000000000e+01
2.375000000000000000e+01
4.399677734374999716e+01
2.326181640624999858e+01
2.320332031250000071e+01
2.339824218749999929e+01
2.390771484375000000e+01
4.339707031249999858e+01
2.336914062500000000e+01
2.336914062500000000e+01
2.336914062500000000e+01
2.336914062500000000e+01
2.324130859374999858e+01
2.348037109375000142e+01
2.767558593749999929e+01
2.346347656249999858e+01
4.811494140624999716e+01
2.327041015625000142e+01
2.332001953125000071e+01
2.332001953125000071e+01
2.332001953125000071e+01
2.332001953125000071e+01
2.327929687500000000e+01
2.439355468750000000e+01
2.482939453124999929e+01
3.851113281250000142e+01
2.353525390624999858e+01
2.369697265625000071e+01
3.252441406250000000e+01
3.252441406250000000e+01
3.252441406250000000e+01
3.252441406250000000e+01
2.359140624999999858e+01
2.419667968750000142e+01
3.746152343749999858e+01
2.363886718750000071e+01
2.372656250000000000e+01
3.465195312499999858e+01
2.373037109375000142e+01
2.373037109375000142e+01
2.373037109375000142e+01
2.373037109375000142e+01
2.340537109374999858e+01
3.111884765625000071e+01
2.355615234375000000e+01
3.880107421875000284e+01
2.325195312500000000e+01
2.331523437499999929e+01
2.356269531250000071e+01
2.356269531250000071e+01
2.356269531250000071e+01
2.356269531250000071e+01
4.426718749999999858e+01
2.325634765625000000e+01
2.327587890625000000e+01
2.327802734375000071e+01
2.462519531250000071e+01
3.549169921875000000e+01
2.345732421874999929e+01
2.345732421874999929e+01
2.345732421874999929e+01
2.345732421874999929e+01
2.368525390625000071e+01
4.166708984374999858e+01
2.381093750000000142e+01
2.324951171875000000e+01
2.432783203125000071e+01
2.356328124999999929e+01
3.692832031249999858e+01
3.692832031249999858e+01
3.692832031249999858e+01
3.692832031249999858e+01
2.441259765625000000e+01
2.457285156249999858e+01
3.320683593750000284e+01
2.338945312499999929e+01
2.453955078125000000e+01
4.201113281250000142e+01
2.329277343749999929e+01
2.329277343749999929e+01
2.329277343749999929e+01
2.329277343749999929e+01
2.319628906250000000e+01
2.353925781250000071e+01
2.675009765624999858e+01
2.340136718750000000e+01
4.811318359375000142e+01
2.355361328125000142e+01
2.324121093750000000e+01
2.324121093750000000e+01
2.324121093750000000e+01
2.324121093750000000e+01
2.324931640624999929e+01
2.340458984374999929e+01
2.641230468750000071e+01
2.616367187499999858e+01
3.157392578125000071e+01
2.341562499999999858e+01
3.109150390625000071e+01
3.109150390625000071e+01
3.109150390625000071e+01
3.109150390625000071e+01
2.461904296875000142e+01
4.274921874999999716e+01
2.362158203125000000e+01
2.327539062500000000e+01
2.339013671875000000e+01
2.333896484374999858e+01
3.369990234374999716e+01
3.369990234374999716e+01
3.369990234374999716e+01
3.369990234374999716e+01
2.532187499999999858e+01
2.665869140625000000e+01
2.354785156250000000e+01
4.776318359375000000e+01
2.322187500000000071e+01
2.342285156250000000e+01
2.320605468750000000e+01
2.320605468750000000e+01
2.320605468750000000e+01
2.320605468750000000e+01
2.411972656249999858e+01
2.549287109375000071e+01
3.871914062500000142e+01
2.343867187500000071e+01
2.368525390625000071e+01
2.985771484374999929e+01
2.344199218749999858e+01
2.344199218749999858e+01
2.344199218749999858e+01
2.344199218749999858e+01
3.021376953125000142e+01
2.354218750000000071e+01
4.258574218750000284e+01
2.359355468749999929e+01
2.318857421874999858e+01
2.343056640625000142e+01
2.412285156249999929e+01
2.412285156249999929e+01
2.412285156249999929e+01
2.412285156249999929e+01
3.635820312500000284e+01
2.364814453125000071e+01
2.370927734374999929e+01
4.172519531249999858e+01
2.322783203124999929e+01
2.327558593750000071e+01
2.334365234375000142e+01
2.334365234375000142e+01
2.334365234375000142e+01
2.334365234375000142e+01
2.351132812499999858e+01
3.687304687500000000e+01
2.444179687500000142e+01
2.521386718750000000e+01
2.852558593750000071e+01
2.350380859375000142e+01
4.684208984375000284e+01
4.684208984375000284e+01
4.684208984375000284e+01
4.684208984375000284e+01
2.356044921875000142e+01
2.329082031249999929e+01
2.327773437500000142e+01
2.410117187499999858e+01
4.144667968750000142e+01
2.321933593749999858e+01
2.326074218750000000e+01
2.326074218750000000e+01
2.326074218750000000e+01
2.326074218750000000e+01
2.334619140625000000e+01
2.352802734375000071e+01
4.729355468749999858e+01
2.321757812499999929e+01
2.323271484374999929e+01
2.333486328125000142e+01
2.329970703125000142e+01
2.329970703125000142e+01
2.329970703125000142e+01
2.329970703125000142e+01
2.544648437500000071e+01
3.622197265625000284e+01
2.343867187500000071e+01
2.371738281249999858e+01
3.800566406250000284e+01
2.369726562500000000e+01
2.348789062499999858e+01
2.348789062499999858e+01
2.348789062499999858e+01
2.348789062499999858e+01
2.341347656250000142e+01
3.592939453124999716e+01
2.351171875000000000e+01
2.370927734374999929e+01
4.694208984374999716e+01
2.320566406249999858e+01
2.357158203124999929e+01
2.357158203124999929e+01
2.357158203124999929e+01
2.357158203124999929e+01
2.327050781250000000e+01
2.364042968749999929e+01
2.551298828124999929e+01
2.890615234375000142e+01
2.350419921874999929e+01
4.238076171875000142e+01
2.319550781250000071e+01
2.319550781250000071e+01
2.319550781250000071e+01
2.319550781250000071e+01
2.323740234374999858e+01
2.341523437500000071e+01
2.566923828124999929e+01
3.730947265625000142e+01
2.372724609375000071e+01
2.369843750000000071e+01
3.420029296874999858e+01
3.420029296874999858e+01
3.420029296874999858e+01
3.420029296874999858e+01
2.352675781250000142e+01
2.598945312500000071e+01
2.407460937500000142e+01
4.320087890624999716e+01
2.335488281250000142e+01
2.323632812500000000e+01
2.355419921875000000e+01
2.355419921875000000e+01
2.355419921875000000e+01
2.355419921875000000e+01
2.662119140624999858e+01
2.504658203125000071e+01
3.945214843750000000e+01
2.358984375000000000e+01
2.357148437500000071e+01
2.942480468750000000e+01
2.342402343750000071e+01
2.342402343750000071e+01
2.342402343750000071e+01
2.342402343750000071e+01
2.775312500000000071e+01
2.493457031250000000e+01
4.328291015624999716e+01
2.328984374999999929e+01
2.319716796875000142e+01
2.345693359375000142e+01
2.402119140625000071e+01
2.402119140625000071e+01
2.402119140625000071e+01
2.402119140625000071e+01
4.750400390624999858e+01
2.323681640625000000e+01
2.331347656250000000e+01
2.324648437500000142e+01
2.330322265625000000e+01
2.423798828125000071e+01
3.459023437500000142e+01
3.459023437500000142e+01
3.459023437500000142e+01
3.459023437500000142e+01
2.542978515624999858e+01
2.357148437500000071e+01
4.260976562500000142e+01
2.324892578125000142e+01
2.326591796874999929e+01
2.396708984374999929e+01
2.356630859375000142e+01
2.356630859375000142e+01
2.356630859375000142e+01
2.356630859375000142e+01
3.913115234375000284e+01
2.342197265624999858e+01
2.368007812500000142e+01
3.223251953124999858e+01
2.324863281249999858e+01
2.416464843749999858e+01
3.707226562500000000e+01
3.707226562500000000e+01
3.707226562500000000e+01
3.707226562500000000e+01
2.341484374999999929e+01
2.368525390625000071e+01
3.394843749999999716e+01
2.331787109375000000e+01
2.384091796874999858e+01
3.611435546874999858e+01
2.343867187500000071e+01
2.343867187500000071e+01
2.343867187500000071e+01
2.343867187500000071e+01
2.413662109375000142e+01
3.395576171874999716e+01
2.322705078125000000e+01
2.392490234374999858e+01
3.508427734375000284e+01
2.483857421875000071e+01
2.721816406250000142e+01
2.721816406250000142e+01
2.721816406250000142e+01
2.721816406250000142e+01
2.356562500000000071e+01
4.442587890624999858e+01
2.335761718750000071e+01
2.363984375000000071e+01
2.328115234375000142e+01
2.340205078125000071e+01
2.507636718750000071e+01
2.507636718750000071e+01
2.507636718750000071e+01
2.507636718750000071e+01
3.824824218749999716e+01
2.445791015625000142e+01
2.360703124999999858e+01
3.282050781249999716e+01
2.324472656249999858e+01
2.376376953124999858e+01
4.216904296874999858e+01
4.216904296874999858e+01
4.216904296874999858e+01
4.216904296874999858e+01
2.339160156250000000e+01
2.323876953125000000e+01
2.358906250000000071e+01
2.993173828124999858e+01
2.346123046874999929e+01
3.758603515624999858e+01
2.331464843750000071e+01
2.331464843750000071e+01
2.331464843750000071e+01
2.331464843750000071e+01
2.357148437500000071e+01
2.850205078124999858e+01
2.356728515625000142e+01
4.735937500000000000e+01
2.322021484375000000e+01
2.351152343749999929e+01
2.323173828124999929e+01
2.323173828124999929e+01
2.323173828124999929e+01
2.323173828124999929e+01
2.347089843750000071e+01
2.510205078125000000e+01
2.821152343749999858e+01
2.354365234375000071e+01
4.817197265624999858e+01
2.321757812499999929e+01
2.361357421874999929e+01
2.361357421874999929e+01
2.361357421874999929e+01
2.361357421874999929e+01
2.323095703125000000e+01
2.340419921875000142e+01
2.488066406249999929e+01
3.347675781249999716e+01
2.475722656250000142e+01
2.665869140625000000e+01
2.347958984374999858e+01
2.347958984374999858e+01
2.347958984374999858e+01
2.347958984374999858e+01
4.624277343749999858e+01
2.319550781250000071e+01
2.323808593749999929e+01
2.342373046875000142e+01
2.342656249999999929e+01
2.701005859374999929e+01
2.355400390624999929e+01
2.355400390624999929e+01
2.355400390624999929e+01
2.355400390624999929e+01
4.135000000000000142e+01
2.349560546875000000e+01
2.357148437500000071e+01
2.516562499999999858e+01
2.784218750000000142e+01
2.344199218749999858e+01
4.573359374999999716e+01
4.573359374999999716e+01
4.573359374999999716e+01
4.573359374999999716e+01
2.357998046875000142e+01
2.326279296874999858e+01
2.356054687500000000e+01
2.665869140625000000e+01
2.401230468749999858e+01
4.464374999999999716e+01
2.323867187500000142e+01
2.323867187500000142e+01
2.323867187500000142e+01
2.323867187500000142e+01
2.331123046875000071e+01
2.347089843750000071e+01
2.342656249999999929e+01
3.071816406250000142e+01
2.353896484375000142e+01
3.528662109375000000e+01
2.332421875000000000e+01
2.332421875000000000e+01
2.332421875000000000e+01
2.332421875000000000e+01
2.457763671875000000e+01
3.295683593750000284e+01
2.323837890624999858e+01
2.419023437499999929e+01
4.242646484374999716e+01
2.356523437499999929e+01
2.341484374999999929e+01
2.341484374999999929e+01
2.341484374999999929e+01
2.341484374999999929e+01
2.357148437500000071e+01
3.551328124999999858e+01
2.340468750000000142e+01
2.437636718750000142e+01
2.386406249999999929e+01
3.882763671875000000e+01
2.357851562500000142e+01
2.357851562500000142e+01
2.357851562500000142e+01
2.357851562500000142e+01
2.358828125000000142e+01
2.909130859375000000e+01
2.331650390624999858e+01
3.885996093749999858e+01
2.359375000000000000e+01
2.372724609375000071e+01
3.469072265625000284e+01
3.469072265625000284e+01
3.469072265625000284e+01
3.469072265625000284e+01
2.327851562500000071e+01
2.332968749999999858e+01
2.337802734374999858e+01
4.022177734374999858e+01
2.341484374999999929e+01
2.357148437500000071e+01
2.569599609375000071e+01
2.569599609375000071e+01
2.569599609375000071e+01
2.569599609375000071e+01
2.695634765624999929e+01
2.378466796875000000e+01
4.683935546875000000e+01
2.334580078124999858e+01
2.323105468749999858e+01
2.335927734375000142e+01
2.334560546875000142e+01
2.334560546875000142e+01
2.334560546875000142e+01
2.334560546875000142e+01
2.843027343749999858e+01
2.355400390624999929e+01
4.665166015625000284e+01
2.320117187500000000e+01
2.331044921875000142e+01
2.330595703124999929e+01
2.328056640624999929e+01
2.328056640624999929e+01
2.328056640624999929e+01
2.328056640624999929e+01
2.675498046874999858e+01
2.588769531250000000e+01
3.405136718749999858e+01
2.331748046874999858e+01
2.588115234374999929e+01
2.607744140624999929e+01
3.367353515624999716e+01
3.367353515624999716e+01
3.367353515624999716e+01
3.367353515624999716e+01
2.373330078125000142e+01
2.512138671874999929e+01
3.100712890624999929e+01
2.336191406249999858e+01
3.591972656250000284e+01
2.651933593749999929e+01
2.815468750000000142e+01
2.815468750000000142e+01
2.815468750000000142e+01
2.815468750000000142e+01
2.365859375000000142e+01
4.944238281250000000e+01
2.427412109375000071e+01
2.330703125000000142e+01
2.331318359375000071e+01
2.328515625000000000e+01
2.323056640624999858e+01
2.323056640624999858e+01
2.323056640624999858e+01
2.323056640624999858e+01
2.909667968750000000e+01
2.464375000000000071e+01
3.392373046875000142e+01
2.338916015625000000e+01
2.401591796874999929e+01
4.437382812500000284e+01
2.319550781250000071e+01
2.319550781250000071e+01
2.319550781250000071e+01
2.319550781250000071e+01
2.339414062499999858e+01
2.329833984375000000e+01
2.329677734375000142e+01
3.057128906250000000e+01
2.335439453125000142e+01
2.703906250000000000e+01
2.336552734374999929e+01
2.336552734374999929e+01
2.336552734374999929e+01
2.336552734374999929e+01
4.429277343750000284e+01
2.482617187500000000e+01
2.356054687500000000e+01
2.462392578125000142e+01
3.215126953125000142e+01
2.324472656249999858e+01
2.485019531249999858e+01
2.485019531249999858e+01
2.485019531249999858e+01
2.485019531249999858e+01
4.255478515624999858e+01
2.336425781250000000e+01
2.322285156250000071e+01
2.348164062500000071e+01
2.680527343749999858e+01
2.341386718749999929e+01
3.545960937500000227e+02
4.326669921874999858e+01
3.225908203125000284e+01
2.331005859375000000e+01
2.487832031250000142e+01
3.030722656249999858e+01
2.332900390625000142e+01
2.320849609375000000e+01
2.320849609375000000e+01
2.320849609375000000e+01
2.917246093749999858e+01
2.331669921874999929e+01
3.004980468750000000e+01
2.320654296875000000e+01
2.627617187499999929e+01
2.787890625000000000e+01
2.324296874999999929e+01
2.324296874999999929e+01
2.324296874999999929e+01
2.324296874999999929e+01
3.666269531249999858e+01
2.332666015625000000e+01
2.344619140625000142e+01
2.430078125000000000e+01
3.725507812499999716e+01
2.325185546875000142e+01
2.312314453124999858e+01
2.312314453124999858e+01
2.312314453124999858e+01
2.312314453124999858e+01
2.986699218749999929e+01
2.316357421875000000e+01
3.036347656250000071e+01
2.348720703125000142e+01
3.137548828125000000e+01
2.319482421875000000e+01
2.515380859375000000e+01
2.515380859375000000e+01
2.515380859375000000e+01
2.515380859375000000e+01
3.423242187500000000e+01
2.334375000000000000e+01
2.431650390624999858e+01
2.682158203124999929e+01
2.648105468749999858e+01
3.611201171874999716e+01
2.335107421875000000e+01
2.335107421875000000e+01
2.335107421875000000e+01
2.335107421875000000e+01
2.331630859375000142e+01
2.761230468750000000e+01
2.326923828125000071e+01
4.230742187500000284e+01
2.335976562500000142e+01
2.314755859374999858e+01
2.325849609375000071e+01
2.325849609375000071e+01
2.325849609375000071e+01
2.325849609375000071e+01
3.052509765625000071e+01
2.348222656249999929e+01
4.119541015624999858e+01
2.346484375000000000e+01
2.316250000000000142e+01
2.330722656249999858e+01
2.716630859374999929e+01
2.716630859374999929e+01
2.716630859374999929e+01
2.716630859374999929e+01
2.580136718749999858e+01
3.283525390625000284e+01
2.331318359375000071e+01
2.503457031250000142e+01
2.706259765624999858e+01
2.564160156250000000e+01
3.755927734374999716e+01
3.755927734374999716e+01
3.755927734374999716e+01
3.755927734374999716e+01
2.402226562499999929e+01
2.370976562499999929e+01
2.734882812500000071e+01
2.540371093750000142e+01
2.704228515624999929e+01
2.511123046875000142e+01
3.874658203125000000e+01
3.874658203125000000e+01
3.874658203125000000e+01
3.874658203125000000e+01
2.374042968750000071e+01
2.357910156250000000e+01
2.621923828125000000e+01
2.595664062499999858e+01
2.840283203125000000e+01
2.323994140625000071e+01
4.199453125000000142e+01
4.199453125000000142e+01
4.199453125000000142e+01
4.199453125000000142e+01
2.344169921874999929e+01
2.329970703125000142e+01
2.333935546875000000e+01
3.130380859374999858e+01
2.315068359374999929e+01
3.583554687499999858e+01
2.407744140624999929e+01
2.407744140624999929e+01
2.407744140624999929e+01
2.407744140624999929e+01
2.409882812500000071e+01
3.264443359375000142e+01
2.323349609374999858e+01
2.335263671874999858e+01
4.436611328125000142e+01
2.329873046875000142e+01
2.311943359374999929e+01
2.311943359374999929e+01
2.311943359374999929e+01
2.311943359374999929e+01
2.321357421875000071e+01
2.335263671874999858e+01
4.176669921874999858e+01
2.342861328125000142e+01
2.324062500000000142e+01
2.333935546875000000e+01
3.196191406250000000e+01
3.196191406250000000e+01
3.196191406250000000e+01
3.196191406250000000e+01
2.319677734375000000e+01
3.281855468749999716e+01
2.462548828125000000e+01
2.618427734375000071e+01
2.879199218750000000e+01
2.331035156249999929e+01
3.965507812500000284e+01
3.940166015625000284e+01
3.940166015625000284e+01
3.965507812500000284e+01
2.317851562499999929e+01
2.323720703125000142e+01
2.335263671874999858e+01
3.681464843749999716e+01
2.346562499999999929e+01
2.338994140624999929e+01
3.078095703125000071e+01
3.051904296875000000e+01
3.051904296875000000e+01
3.078095703125000071e+01
2.324628906250000071e+01
2.925878906250000000e+01
2.339746093750000000e+01
4.453457031250000142e+01
2.335078125000000071e+01
2.311943359374999929e+01
2.316923828124999929e+01
2.313632812499999858e+01
2.316923828124999929e+01
2.313632812499999858e+01
2.368906249999999858e+01
3.652822265625000142e+01
2.345732421874999929e+01
2.339580078124999929e+01
3.091240234374999929e+01
2.317812500000000142e+01
2.370449218750000142e+01
2.370449218750000142e+01
2.387841796875000000e+01
2.370449218750000142e+01
4.427822265625000142e+01
2.332822265624999858e+01
2.312958984375000071e+01
2.332324218750000000e+01
2.402197265625000000e+01
4.277558593749999716e+01
2.327021484375000071e+01
2.327021484375000071e+01
2.327021484375000071e+01
2.327021484375000071e+01
2.308740234375000000e+01
2.324257812500000142e+01
2.370449218750000142e+01
4.083173828124999716e+01
2.324716796874999858e+01
2.329277343749999929e+01
2.331269531250000071e+01
2.333818359374999929e+01
2.331269531250000071e+01
2.333818359374999929e+01
3.140439453124999858e+01
2.314824218749999929e+01
3.679882812500000000e+01
2.458486328125000142e+01
2.396826171875000000e+01
3.405644531250000284e+01
2.316503906250000000e+01
2.312939453125000000e+01
2.316503906250000000e+01
2.312939453125000000e+01
2.351249999999999929e+01
3.508408203124999858e+01
2.336230468750000000e+01
2.336230468750000000e+01
3.212949218749999858e+01
2.312939453125000000e+01
2.622197265624999929e+01
2.616474609375000071e+01
2.622197265624999929e+01
2.622197265624999929e+01
3.521845703124999716e+01
2.348212890625000071e+01
2.378671874999999858e+01
3.352167968749999716e+01
2.314365234374999858e+01
2.326875000000000071e+01
4.200292968750000000e+01
4.208027343749999716e+01
4.200292968750000000e+01
4.200292968750000000e+01
2.335039062499999929e+01
2.308740234375000000e+01
2.320781249999999929e+01
2.368203125000000142e+01
4.460117187499999858e+01
2.323164062500000071e+01
2.308740234375000000e+01
2.311943359374999929e+01
2.308740234375000000e+01
2.311943359374999929e+01
2.347587890624999929e+01
2.335683593750000142e+01
3.759570312500000000e+01
2.353476562499999858e+01
2.344228515625000142e+01
2.672890625000000142e+01
2.532773437499999858e+01
2.515771484375000000e+01
2.532773437499999858e+01
2.515771484375000000e+01
3.910214843749999858e+01
2.320380859375000071e+01
2.331406249999999858e+01
2.331650390624999858e+01
3.755898437500000142e+01
2.348212890625000071e+01
2.348027343749999929e+01
2.350605468750000071e+01
2.348027343749999929e+01
2.350605468750000071e+01
2.714550781250000000e+01
2.335263671874999858e+01
4.652343750000000000e+01
2.311445312500000071e+01
2.313544921875000071e+01
2.331445312500000000e+01
2.329736328125000000e+01
2.326875000000000071e+01
2.326875000000000071e+01
2.329736328125000000e+01
2.537890625000000000e+01
3.925888671874999858e+01
2.324326171874999858e+01
2.333818359374999929e+01
2.333818359374999929e+01
3.889013671875000000e+01
2.349472656249999858e+01
2.346914062500000142e+01
2.349472656249999858e+01
2.346914062500000142e+01
2.340683593749999858e+01
2.370449218750000142e+01
4.193066406250000000e+01
2.312763671875000071e+01
2.308740234375000000e+01
2.404423828124999929e+01
2.331269531250000071e+01
2.331269531250000071e+01
2.333818359374999929e+01
2.331269531250000071e+01
4.643320312499999858e+01
2.321298828124999858e+01
2.310917968749999929e+01
2.316855468749999858e+01
2.328476562499999858e+01
2.612910156250000071e+01
2.634814453125000000e+01
2.634814453125000000e+01
2.634814453125000000e+01
2.634814453125000000e+01
2.315683593749999858e+01
4.463740234374999716e+01
2.462919921874999929e+01
2.348212890625000071e+01
2.346914062500000142e+01
2.850468749999999929e+01
2.316308593750000000e+01
2.316308593750000000e+01
2.316308593750000000e+01
2.316308593750000000e+01
4.219941406249999716e+01
2.348212890625000071e+01
2.348212890625000071e+01
2.341318359374999858e+01
3.183994140624999858e+01
2.311660156250000142e+01
2.613603515624999929e+01
2.613388671874999858e+01
2.613388671874999858e+01
2.613388671874999858e+01
3.103916015624999858e+01
2.326679687500000071e+01
2.645664062499999858e+01
2.353105468749999929e+01
4.652343750000000000e+01
2.330820312499999858e+01
2.314189453124999929e+01
2.314189453124999929e+01
2.310556640624999858e+01
2.314189453124999929e+01
2.333349609375000000e+01
2.335488281250000142e+01
3.510517578124999716e+01
2.350976562500000000e+01
2.352275390624999929e+01
4.538281250000000000e+01
2.315136718750000000e+01
2.312138671874999929e+01
2.312138671874999929e+01
2.312138671874999929e+01
2.313378906250000000e+01
2.313154296875000071e+01
2.375058593749999858e+01
2.878066406250000142e+01
2.326875000000000071e+01
4.690644531249999716e+01
2.310898437499999858e+01
2.310898437499999858e+01
2.310898437499999858e+01
2.310898437499999858e+01
2.310761718750000071e+01
2.324658203125000000e+01
2.327646484374999858e+01
2.365058593750000071e+01
3.689804687499999858e+01
2.348212890625000071e+01
2.331269531250000071e+01
2.331269531250000071e+01
2.331269531250000071e+01
2.331269531250000071e+01
3.134306640624999929e+01
2.311142578124999858e+01
2.856962890624999929e+01
2.402255859374999858e+01
4.488701171875000284e+01
2.322753906250000000e+01
2.325068359375000071e+01
2.327988281249999858e+01
2.325068359375000071e+01
2.327988281249999858e+01
2.325576171875000142e+01
2.329736328125000000e+01
3.219628906250000000e+01
2.317197265624999858e+01
2.868027343749999858e+01
2.882714843750000000e+01
2.395703125000000000e+01
2.378056640624999929e+01
2.395703125000000000e+01
2.378056640624999929e+01
4.280419921875000000e+01
2.331328124999999929e+01
2.310771484374999929e+01
2.348935546874999858e+01
2.488085937500000000e+01
2.739970703124999929e+01
2.330712890625000000e+01
2.330712890625000000e+01
2.333144531250000142e+01
2.330712890625000000e+01
4.633154296875000000e+01
2.321103515624999858e+01
2.308740234375000000e+01
2.358193359375000142e+01
2.330751953125000142e+01
3.491425781249999716e+01
2.348212890625000071e+01
2.350976562500000000e+01
2.348212890625000071e+01
2.350976562500000000e+01
2.396826171875000000e+01
3.364541015625000142e+01
2.317509765624999929e+01
2.335888671875000000e+01
3.881972656250000142e+01
2.378798828125000142e+01
2.359775390624999858e+01
2.356884765625000000e+01
2.359775390624999858e+01
2.356884765625000000e+01
2.615537109374999858e+01
2.638652343749999929e+01
2.321640624999999858e+01
4.852031250000000284e+01
2.310810546875000071e+01
2.311660156250000142e+01
2.339472656250000071e+01
2.342236328125000000e+01
2.339472656250000071e+01
2.339472656250000071e+01
2.328945312500000142e+01
2.400888671874999858e+01
3.498808593750000284e+01
2.348212890625000071e+01
2.348212890625000071e+01
4.280419921875000000e+01
2.311503906249999929e+01
2.311503906249999929e+01
2.311503906249999929e+01
2.311503906249999929e+01
2.312031250000000071e+01
2.342353515625000071e+01
2.403740234374999929e+01
3.150458984375000071e+01
2.313925781249999858e+01
2.678720703124999858e+01
2.570107421875000142e+01
2.570107421875000142e+01
2.570107421875000142e+01
2.570107421875000142e+01
4.307294921874999716e+01
2.331591796875000000e+01
2.311044921874999858e+01
2.371972656250000000e+01
2.536191406249999858e+01
3.026318359375000000e+01
2.374785156249999929e+01
2.377314453125000071e+01
2.374785156249999929e+01
2.377314453125000071e+01
3.865253906249999716e+01
2.489853515624999858e+01
2.398251953124999858e+01
3.501220703125000000e+01
2.316494140625000142e+01
2.331474609374999929e+01
2.441367187499999858e+01
2.425585937500000000e+01
2.425585937500000000e+01
2.425585937500000000e+01
4.337187500000000284e+01
2.309326171875000000e+01
2.311708984375000142e+01
2.331269531250000071e+01
2.460224609375000071e+01
3.834912109375000000e+01
2.314365234374999858e+01
2.317441406249999858e+01
2.317441406249999858e+01
2.314365234374999858e+01
2.327646484374999858e+01
2.343994140625000000e+01
4.269794921874999716e+01
2.321875000000000000e+01
2.312412109374999858e+01
2.336562500000000142e+01
2.466035156250000071e+01
2.495859374999999858e+01
2.466035156250000071e+01
2.466035156250000071e+01
3.248818359375000142e+01
2.354228515624999929e+01
3.056679687500000142e+01
2.546630859375000000e+01
2.450595703124999858e+01
4.561533203124999858e+01
2.313037109375000000e+01
2.313037109375000000e+01
2.313037109375000000e+01
2.313037109375000000e+01
2.310761718750000071e+01
2.328027343750000000e+01
2.331269531250000071e+01
2.575898437500000071e+01
3.080146484375000071e+01
2.348212890625000071e+01
3.373964843750000142e+01
3.373964843750000142e+01
3.373964843750000142e+01
3.373964843750000142e+01
2.317578125000000000e+01
2.328818359374999858e+01
3.621171875000000284e+01
2.358652343749999858e+01
2.484667968750000000e+01
3.236650390625000284e+01
2.314091796874999929e+01
2.314091796874999929e+01
2.314091796874999929e+01
2.314091796874999929e+01
2.330957031250000000e+01
4.089931640625000142e+01
2.335048828125000142e+01
2.340390624999999858e+01
2.340664062500000142e+01
3.672968749999999716e+01
2.314208984375000000e+01
2.314208984375000000e+01
2.700268554687500000e+02
2.706054687500000000e+01
2.332763671875000000e+01
2.820117187500000000e+01
2.322832031249999929e+01
2.643623046875000071e+01
2.537412109374999858e+01
2.553007812499999929e+01
2.553007812499999929e+01
2.537412109374999858e+01
2.519687499999999858e+01
3.372978515625000284e+01
2.315195312499999858e+01
2.345800781250000000e+01
3.799853515625000000e+01
2.315742187500000071e+01
2.336328125000000000e+01
2.336328125000000000e+01
2.336328125000000000e+01
2.336328125000000000e+01
2.487958984375000071e+01
3.477285156250000142e+01
2.311601562499999929e+01
2.376455078125000142e+01
2.773007812499999858e+01
2.405703125000000142e+01
4.201630859374999716e+01
4.201630859374999716e+01
4.201630859374999716e+01
4.201630859374999716e+01
2.371533203125000000e+01
2.346455078125000071e+01
2.487421875000000071e+01
2.699130859374999858e+01
2.644775390625000000e+01
2.655410156250000142e+01
2.315869140625000000e+01
2.315869140625000000e+01
2.315869140625000000e+01
2.319287109375000000e+01
4.148378906250000142e+01
2.350976562500000000e+01
2.316552734375000000e+01
2.578886718749999929e+01
2.683691406250000000e+01
2.657539062500000071e+01
2.614736328125000142e+01
2.610205078125000000e+01
2.610205078125000000e+01
2.614736328125000142e+01
3.108300781250000000e+01
2.335605468749999858e+01
2.737294921875000142e+01
2.499638671874999929e+01
3.961230468750000000e+01
2.355927734375000071e+01
2.349130859374999858e+01
2.346494140624999858e+01
2.349130859374999858e+01
2.346494140624999858e+01
2.349951171875000000e+01
3.739003906250000142e+01
2.311250000000000071e+01
2.322958984374999858e+01
2.462724609374999929e+01
3.883749999999999858e+01
2.316669921875000071e+01
2.320302734375000142e+01
2.316669921875000071e+01
2.320302734375000142e+01
2.334794921874999929e+01
2.432343750000000071e+01
3.600810546875000284e+01
2.320390624999999929e+01
2.333691406250000000e+01
2.909980468750000071e+01
2.347851562500000000e+01
2.345263671875000000e+01
2.347851562500000000e+01
2.345263671875000000e+01
4.304599609374999858e+01
2.322128906249999858e+01
2.316357421875000000e+01
2.321835937499999858e+01
2.367451171875000071e+01
4.068652343750000000e+01
2.331533203125000142e+01
2.331533203125000142e+01
2.334238281249999858e+01
2.331533203125000142e+01
2.340390624999999858e+01
2.338749999999999929e+01
3.259453125000000284e+01
2.312070312499999858e+01
3.354267578124999716e+01
2.477451171874999858e+01
3.281611328124999716e+01
3.312636718750000142e+01
3.281611328124999716e+01
3.281611328124999716e+01
2.313906250000000142e+01
2.337480468749999929e+01
3.846806640625000284e+01
2.316572265625000071e+01
2.349433593750000071e+01
2.404033203124999929e+01
3.016044921874999929e+01
3.016044921874999929e+01
3.016044921874999929e+01
3.016044921874999929e+01
2.313476562500000000e+01
4.145371093749999858e+01
2.349433593750000071e+01
2.308447265625000000e+01
2.417832031249999858e+01
3.269296874999999858e+01
2.314667968750000071e+01
2.314667968750000071e+01
2.314667968750000071e+01
2.314667968750000071e+01
2.601689453124999929e+01
3.702333984375000142e+01
2.340546875000000071e+01
2.350732421875000000e+01
2.653994140625000142e+01
2.328603515625000142e+01
4.569609375000000284e+01
4.569609375000000284e+01
4.569609375000000284e+01
4.569609375000000284e+01
2.312441406250000142e+01
2.310917968749999929e+01
2.340820312500000000e+01
2.329492187500000000e+01
3.299892578125000142e+01
2.355019531250000142e+01
2.484667968750000000e+01
2.484667968750000000e+01
2.484667968750000000e+01
2.484667968750000000e+01
3.416464843749999858e+01
2.312353515625000000e+01
2.373212890625000071e+01
3.966015625000000000e+01
2.345126953124999858e+01
2.333466796875000071e+01
2.407373046875000000e+01
2.437666015625000071e+01
2.407373046875000000e+01
2.407373046875000000e+01
3.145195312499999929e+01
2.311503906249999929e+01
3.247226562499999858e+01
2.340390624999999858e+01
2.558896484374999858e+01
3.452919921875000142e+01
2.314277343750000071e+01
2.314277343750000071e+01
2.316787109375000142e+01
2.314277343750000071e+01
2.336562500000000142e+01
4.348349609374999858e+01
2.311718750000000000e+01
2.315263671874999929e+01
2.342900390624999929e+01
2.328603515625000142e+01
3.787246093750000142e+01
3.791171874999999858e+01
3.787246093750000142e+01
3.791171874999999858e+01
2.325927734375000000e+01
2.355927734375000071e+01
2.757060546874999929e+01
2.328574218749999858e+01
4.593554687500000000e+01
2.317871093750000000e+01
2.318779296874999929e+01
2.316357421875000000e+01
2.318779296874999929e+01
2.316357421875000000e+01
2.333222656250000071e+01
2.329492187500000000e+01
2.714863281250000071e+01
2.338652343749999929e+01
4.513212890625000284e+01
2.323730468750000000e+01
2.307529296874999858e+01
2.310126953125000071e+01
2.307529296874999858e+01
2.310126953125000071e+01
2.329042968750000142e+01
2.431494140625000000e+01
3.552861328125000284e+01
2.331865234374999929e+01
2.352275390624999929e+01
3.075947265625000071e+01
2.312148437500000142e+01
2.308994140624999858e+01
2.312148437500000142e+01
2.308994140624999858e+01
3.230849609375000142e+01
2.401367187500000000e+01
2.662744140625000000e+01
2.682324218750000000e+01
2.311562500000000142e+01
4.862626953125000284e+01
2.336708984375000142e+01
2.336708984375000142e+01
2.339453125000000000e+01
2.336708984375000142e+01
2.324296874999999929e+01
2.336494140625000071e+01
2.348212890625000071e+01
2.808984375000000000e+01
2.312167968749999858e+01
4.369658203125000284e+01
2.325019531250000071e+01
2.327031249999999929e+01
2.325019531250000071e+01
2.325019531250000071e+01
2.316064453125000000e+01
2.348212890625000071e+01
2.805302734374999929e+01
2.315683593749999858e+01
4.304970703125000142e+01
2.310673828124999929e+01
2.311650390624999929e+01
2.314755859374999858e+01
2.314755859374999858e+01
2.311650390624999929e+01
2.382548828124999929e+01
2.370673828125000071e+01
4.451015625000000142e+01
2.314277343750000071e+01
2.315009765625000071e+01
2.324296874999999929e+01
2.327646484374999858e+01
2.330263671875000142e+01
2.327646484374999858e+01
2.327646484374999858e+01
3.409970703124999858e+01
2.345126953124999858e+01
2.465361328124999929e+01
3.227656249999999716e+01
2.313730468749999858e+01
2.482851562500000142e+01
4.155478515624999858e+01
4.162812499999999716e+01
4.155478515624999858e+01
4.155478515624999858e+01
2.320058593750000142e+01
2.316396484375000142e+01
2.349433593750000071e+01
3.240820312500000000e+01
2.314960937500000071e+01
2.328818359374999858e+01
4.004736328125000000e+01
4.017744140624999716e+01
4.004736328125000000e+01
4.017744140624999716e+01
2.336855468750000142e+01
2.353476562499999858e+01
2.345253906250000142e+01
4.443896484375000000e+01
2.316542968750000142e+01
2.316806640624999858e+01
2.353564453125000000e+01
2.350849609375000071e+01
2.350849609375000071e+01
2.353564453125000000e+01
2.330390625000000071e+01
3.160097656250000142e+01
2.353476562499999858e+01
2.878710937500000000e+01
2.327695312499999858e+01
4.207705078125000142e+01
2.311279296875000000e+01
2.308916015624999929e+01
2.311279296875000000e+01
2.308916015624999929e+01
2.316064453125000000e+01
2.348212890625000071e+01
2.463515625000000142e+01
4.282539062499999716e+01
2.310761718750000071e+01
2.312031250000000071e+01
2.392460937499999929e+01
2.392460937499999929e+01
2.395839843750000142e+01
2.392460937499999929e+01
2.401367187500000000e+01
4.304345703125000000e+01
2.310156250000000000e+01
2.316699218750000000e+01
2.334453124999999929e+01
2.342763671875000142e+01
3.960136718750000284e+01
3.960136718750000284e+01
3.960136718750000284e+01
3.960527343750000284e+01
2.311445312500000071e+01
2.345253906250000142e+01
2.348564453124999929e+01
4.407460937500000142e+01
2.316816406250000071e+01
2.318964843750000071e+01
2.328417968750000000e+01
2.325595703124999858e+01
2.325595703124999858e+01
2.328417968750000000e+01
2.378486328125000071e+01
3.331650390624999858e+01
2.313515625000000142e+01
2.328574218749999858e+01
4.447470703124999858e+01
2.329443359375000000e+01
2.336855468750000142e+01
2.333457031249999858e+01
2.333457031249999858e+01
2.336855468750000142e+01
2.352275390624999929e+01
2.343642578125000142e+01
3.394550781249999716e+01
2.317802734374999929e+01
2.340097656249999858e+01
3.970429687499999716e+01
2.348876953125000000e+01
2.346220703124999929e+01
2.348876953125000000e+01
2.346220703124999929e+01
2.342216796874999929e+01
2.482939453124999929e+01
3.246904296875000284e+01
2.312089843749999929e+01
2.337011718750000000e+01
3.926523437499999858e+01
2.346220703124999929e+01
2.348876953125000000e+01
2.348876953125000000e+01
2.345253906250000142e+01
2.590595703125000071e+01
2.638818359375000000e+01
2.687382812499999929e+01
2.721220703124999929e+01
2.913623046875000000e+01
2.320019531250000000e+01
2.317851562499999929e+01
2.320019531250000000e+01
2.317851562499999929e+01
4.718105468750000142e+01
2.324501953125000142e+01
2.340214843749999929e+01
2.321484375000000000e+01
2.324794921875000142e+01
2.770585937499999929e+01
2.319814453125000142e+01
2.322929687499999929e+01
2.319814453125000142e+01
2.319814453125000142e+01
4.606093750000000142e+01
2.315937500000000071e+01
2.316601562500000000e+01
2.316689453125000142e+01
2.328945312500000142e+01
2.632968749999999858e+01
2.427578125000000142e+01
2.459404296874999929e+01
2.427578125000000142e+01
2.427578125000000142e+01
4.500839843749999858e+01
2.311308593749999929e+01
2.317578125000000000e+01
2.324169921875000000e+01
2.348212890625000071e+01
3.079482421875000142e+01
2.312880859375000142e+01
2.312880859375000142e+01
2.315468750000000142e+01
2.315468750000000142e+01
3.590761718750000142e+01
2.322626953125000071e+01
2.501962890624999858e+01
3.296542968749999858e+01
2.316650390625000000e+01
2.370283203125000071e+01
3.965986328124999716e+01
3.949345703125000284e+01
3.949345703125000284e+01
3.949345703125000284e+01
2.310029296875000071e+01
2.342216796874999929e+01
2.376894531250000142e+01
3.419843749999999716e+01
2.314726562499999929e+01
2.333222656250000071e+01
3.934189453124999858e+01
3.950839843749999858e+01
3.934189453124999858e+01
3.950839843749999858e+01
2.318544921875000142e+01
2.352275390624999929e+01
2.545429687500000071e+01
2.837900390624999858e+01
2.325361328125000071e+01
4.551474609374999858e+01
2.315136718750000000e+01
2.312138671874999929e+01
2.312138671874999929e+01
2.312138671874999929e+01
2.314951171874999858e+01
2.363945312499999929e+01
2.326406250000000142e+01
3.902871093750000142e+01
2.315878906249999858e+01
2.337460937499999858e+01
2.348212890625000071e+01
2.348212890625000071e+01
2.348212890625000071e+01
2.348212890625000071e+01
3.561484374999999858e+01
2.314257812500000000e+01
2.333222656250000071e+01
2.919404296875000071e+01
2.349433593750000071e+01
4.826162109375000142e+01
2.323427734375000142e+01
2.323427734375000142e+01
2.323427734375000142e+01
2.323427734375000142e+01
2.372851562500000000e+01
2.318173828124999858e+01
2.318847656250000000e+01
2.365234375000000000e+01
3.693242187500000284e+01
2.321074218749999929e+01
2.347031249999999858e+01
2.347031249999999858e+01
2.347031249999999858e+01
